a = 1.0940940345657149
b = 6.350975902798373
c = 0.008426379681910887

710

a = 0
b = 2
c = -47